Core, 0
Cumulative Cycles, 7347195             
Cumulative Instructions, 20000000            
Cumulative IPC, 2.72213
Periodic Cycles, 3678813             
Periodic Instructions, 9999997             
Periodic IPC, 2.71827

PREF_DL0REQ_QUEUE_HIT_BY_DEMAND_count,             0
PREF_DL0REQ_QUEUE_HIT_BY_DEMAND_total_count,             0

PREF_UMLC_REQ_QUEUE_HIT_BY_DEMAND_count,             0
PREF_UMLC_REQ_QUEUE_HIT_BY_DEMAND_total_count,             0

PREF_UL1REQ_QUEUE_HIT_BY_DEMAND_count,             0
PREF_UL1REQ_QUEUE_HIT_BY_DEMAND_total_count,             0

PREF_DL0REQ_QUEUE_FULL_count,             0
PREF_DL0REQ_QUEUE_FULL_total_count,             0

PREF_UMLC_REQ_QUEUE_FULL_count,             0
PREF_UMLC_REQ_QUEUE_FULL_total_count,             0

PREF_UL1REQ_QUEUE_FULL_count,             0
PREF_UL1REQ_QUEUE_FULL_total_count,             0

PREF_DC_HIT_NOSEND_count,             0
PREF_DC_HIT_NOSEND_total_count,             0

PREF_WBQDC_HIT_NOSEND_count,             0
PREF_WBQDC_HIT_NOSEND_total_count,             0

PREF_MLCQ_STALL_count,             0
PREF_MLCQ_STALL_total_count,             0

PREF_L1Q_STALL_count,             0
PREF_L1Q_STALL_total_count,             0

PREF_UMLC_REQ_SEND_QUEUE_STALL_count,             0
PREF_UMLC_REQ_SEND_QUEUE_STALL_total_count,             0

PREF_UL1REQ_SEND_QUEUE_STALL_count,             0
PREF_UL1REQ_SEND_QUEUE_STALL_total_count,             0

PREF_UMLC_REQ_QUEUE_SENTREQ_count,             0
PREF_UMLC_REQ_QUEUE_SENTREQ_total_count,             0

PREF_UL1REQ_QUEUE_SENTREQ_count,         39358
PREF_UL1REQ_QUEUE_SENTREQ_total_count,         69421

PREF_NEWREQ_MATCHED_count,           267
PREF_NEWREQ_MATCHED_total_count,           483

PREF_UMLC_REQ_QUEUE_MATCHED_REQ_count,             0
PREF_UMLC_REQ_QUEUE_MATCHED_REQ_total_count,             0

PREF_UL1REQ_QUEUE_MATCHED_REQ_count,           193
PREF_UL1REQ_QUEUE_MATCHED_REQ_total_count,           267

PREF_DL0REQ_QUEUE_MATCHED_REQ_count,             0
PREF_DL0REQ_QUEUE_MATCHED_REQ_total_count,             0

L1_PREF_HIT_count,         13453
L1_PREF_HIT_total_count,         27439

L1_PREF_UNIQUE_HIT_count,         13312
L1_PREF_UNIQUE_HIT_total_count,         27242

L1_PREF_LATE_count,           431
L1_PREF_LATE_total_count,           729

L1_LATE_PREF_CYCLES_count,        162605
L1_LATE_PREF_CYCLES_total_count,        255670

L1_LATE_PREF_CYCLES_DIST_0_count,           135
L1_LATE_PREF_CYCLES_DIST_0_pct,       31.323
L1_LATE_PREF_CYCLES_DIST_0_total_count,           265
L1_LATE_PREF_CYCLES_DIST_0_total_pct,       36.351

L1_LATE_PREF_CYCLES_DIST_100_count,            75
L1_LATE_PREF_CYCLES_DIST_100_pct,       17.401
L1_LATE_PREF_CYCLES_DIST_100_total_count,           113
L1_LATE_PREF_CYCLES_DIST_100_total_pct,       15.501

L1_LATE_PREF_CYCLES_DIST_200_count,            35
L1_LATE_PREF_CYCLES_DIST_200_pct,        8.121
L1_LATE_PREF_CYCLES_DIST_200_total_count,            50
L1_LATE_PREF_CYCLES_DIST_200_total_pct,        6.859

L1_LATE_PREF_CYCLES_DIST_300_count,            31
L1_LATE_PREF_CYCLES_DIST_300_pct,        7.193
L1_LATE_PREF_CYCLES_DIST_300_total_count,            51
L1_LATE_PREF_CYCLES_DIST_300_total_pct,        6.996

L1_LATE_PREF_CYCLES_DIST_400_count,            20
L1_LATE_PREF_CYCLES_DIST_400_pct,        4.640
L1_LATE_PREF_CYCLES_DIST_400_total_count,            32
L1_LATE_PREF_CYCLES_DIST_400_total_pct,        4.390

L1_LATE_PREF_CYCLES_DIST_500_count,            30
L1_LATE_PREF_CYCLES_DIST_500_pct,        6.961
L1_LATE_PREF_CYCLES_DIST_500_total_count,            45
L1_LATE_PREF_CYCLES_DIST_500_total_pct,        6.173

L1_LATE_PREF_CYCLES_DIST_600_count,            23
L1_LATE_PREF_CYCLES_DIST_600_pct,        5.336
L1_LATE_PREF_CYCLES_DIST_600_total_count,            39
L1_LATE_PREF_CYCLES_DIST_600_total_pct,        5.350

L1_LATE_PREF_CYCLES_DIST_700_count,            15
L1_LATE_PREF_CYCLES_DIST_700_pct,        3.480
L1_LATE_PREF_CYCLES_DIST_700_total_count,            30
L1_LATE_PREF_CYCLES_DIST_700_total_pct,        4.115

L1_LATE_PREF_CYCLES_DIST_800_count,            14
L1_LATE_PREF_CYCLES_DIST_800_pct,        3.248
L1_LATE_PREF_CYCLES_DIST_800_total_count,            26
L1_LATE_PREF_CYCLES_DIST_800_total_pct,        3.567

L1_LATE_PREF_CYCLES_DIST_900_count,            16
L1_LATE_PREF_CYCLES_DIST_900_pct,        3.712
L1_LATE_PREF_CYCLES_DIST_900_total_count,            27
L1_LATE_PREF_CYCLES_DIST_900_total_pct,        3.704

L1_LATE_PREF_CYCLES_DIST_1000_count,            10
L1_LATE_PREF_CYCLES_DIST_1000_pct,        2.320
L1_LATE_PREF_CYCLES_DIST_1000_total_count,            15
L1_LATE_PREF_CYCLES_DIST_1000_total_pct,        2.058

L1_LATE_PREF_CYCLES_DIST_1100_count,             8
L1_LATE_PREF_CYCLES_DIST_1100_pct,        1.856
L1_LATE_PREF_CYCLES_DIST_1100_total_count,            14
L1_LATE_PREF_CYCLES_DIST_1100_total_pct,        1.920

L1_LATE_PREF_CYCLES_DIST_1200_count,             6
L1_LATE_PREF_CYCLES_DIST_1200_pct,        1.392
L1_LATE_PREF_CYCLES_DIST_1200_total_count,             9
L1_LATE_PREF_CYCLES_DIST_1200_total_pct,        1.235

L1_LATE_PREF_CYCLES_DIST_1300_count,             3
L1_LATE_PREF_CYCLES_DIST_1300_pct,        0.696
L1_LATE_PREF_CYCLES_DIST_1300_total_count,             3
L1_LATE_PREF_CYCLES_DIST_1300_total_pct,        0.412

L1_LATE_PREF_CYCLES_DIST_1400_count,             2
L1_LATE_PREF_CYCLES_DIST_1400_pct,        0.464
L1_LATE_PREF_CYCLES_DIST_1400_total_count,             2
L1_LATE_PREF_CYCLES_DIST_1400_total_pct,        0.274

L1_LATE_PREF_CYCLES_DIST_1500_count,             3
L1_LATE_PREF_CYCLES_DIST_1500_pct,        0.696
L1_LATE_PREF_CYCLES_DIST_1500_total_count,             3
L1_LATE_PREF_CYCLES_DIST_1500_total_pct,        0.412

L1_LATE_PREF_CYCLES_DIST_1600_count,             3
L1_LATE_PREF_CYCLES_DIST_1600_pct,        0.696
L1_LATE_PREF_CYCLES_DIST_1600_total_count,             3
L1_LATE_PREF_CYCLES_DIST_1600_total_pct,        0.412

L1_LATE_PREF_CYCLES_DIST_1700_count,             1
L1_LATE_PREF_CYCLES_DIST_1700_pct,        0.232
L1_LATE_PREF_CYCLES_DIST_1700_total_count,             1
L1_LATE_PREF_CYCLES_DIST_1700_total_pct,        0.137

L1_LATE_PREF_CYCLES_DIST_1800_count,             0
L1_LATE_PREF_CYCLES_DIST_1800_pct,        0.000
L1_LATE_PREF_CYCLES_DIST_1800_total_count,             0
L1_LATE_PREF_CYCLES_DIST_1800_total_pct,        0.000

L1_LATE_PREF_CYCLES_DIST_1900_count,             1
L1_LATE_PREF_CYCLES_DIST_1900_pct,        0.232
L1_LATE_PREF_CYCLES_DIST_1900_total_count,             1
L1_LATE_PREF_CYCLES_DIST_1900_total_pct,        0.137

L1_LATE_PREF_CYCLES_DIST_2000_count,             0
L1_LATE_PREF_CYCLES_DIST_2000_pct,        0.000
L1_LATE_PREF_CYCLES_DIST_2000_total_count,             0
L1_LATE_PREF_CYCLES_DIST_2000_total_pct,        0.000
L1_LATE_PREF_CYCLES_DIST_2000_sum_count,           431
L1_LATE_PREF_CYCLES_DIST_2000_sum_pct,      100.000
L1_LATE_PREF_CYCLES_DIST_2000_sum_total_count,           729
L1_LATE_PREF_CYCLES_DIST_2000_sum_total_pct,      100.000
L1_LATE_PREF_CYCLES_DIST_2000_mean,         3.30
L1_LATE_PREF_CYCLES_DIST_2000_stddev,         3.40
L1_LATE_PREF_CYCLES_DIST_2000_total_mean,         3.05
L1_LATE_PREF_CYCLES_DIST_2000_total_stddev,         3.18

MLC_PREF_HIT_count,          4110
MLC_PREF_HIT_total_count,          8850

MLC_PREF_UNIQUE_HIT_count,             0
MLC_PREF_UNIQUE_HIT_total_count,           143

MLC_PREF_LATE_count,             0
MLC_PREF_LATE_total_count,             0

PREF_HYBRID_SEL_0_count,             0
PREF_HYBRID_SEL_0_pct,         -nan
PREF_HYBRID_SEL_0_total_count,             0
PREF_HYBRID_SEL_0_total_pct,         -nan

PREF_HYBRID_SEL_1_count,             0
PREF_HYBRID_SEL_1_pct,         -nan
PREF_HYBRID_SEL_1_total_count,             0
PREF_HYBRID_SEL_1_total_pct,         -nan

PREF_HYBRID_SEL_2_count,             0
PREF_HYBRID_SEL_2_pct,         -nan
PREF_HYBRID_SEL_2_total_count,             0
PREF_HYBRID_SEL_2_total_pct,         -nan

PREF_HYBRID_SEL_3_count,             0
PREF_HYBRID_SEL_3_pct,         -nan
PREF_HYBRID_SEL_3_total_count,             0
PREF_HYBRID_SEL_3_total_pct,         -nan

PREF_HYBRID_SEL_4_count,             0
PREF_HYBRID_SEL_4_pct,         -nan
PREF_HYBRID_SEL_4_total_count,             0
PREF_HYBRID_SEL_4_total_pct,         -nan

PREF_HYBRID_SEL_5_count,             0
PREF_HYBRID_SEL_5_pct,         -nan
PREF_HYBRID_SEL_5_total_count,             0
PREF_HYBRID_SEL_5_total_pct,         -nan

PREF_HYBRID_SEL_6_count,             0
PREF_HYBRID_SEL_6_pct,         -nan
PREF_HYBRID_SEL_6_total_count,             0
PREF_HYBRID_SEL_6_total_pct,         -nan
PREF_HYBRID_SEL_6_sum_count,             0
PREF_HYBRID_SEL_6_sum_pct,         -nan
PREF_HYBRID_SEL_6_sum_total_count,             0
PREF_HYBRID_SEL_6_sum_total_pct,         -nan
PREF_HYBRID_SEL_6_mean,         -nan
PREF_HYBRID_SEL_6_stddev,         -nan
PREF_HYBRID_SEL_6_total_mean,         -nan
PREF_HYBRID_SEL_6_total_stddev,         -nan

PREF_DISTANCE_1_count,             0
PREF_DISTANCE_1_pct,        0.000
PREF_DISTANCE_1_total_count,             0
PREF_DISTANCE_1_total_pct,        0.000

PREF_DISTANCE_2_count,             0
PREF_DISTANCE_2_pct,        0.000
PREF_DISTANCE_2_total_count,             0
PREF_DISTANCE_2_total_pct,        0.000

PREF_DISTANCE_3_count,             2
PREF_DISTANCE_3_pct,       28.571
PREF_DISTANCE_3_total_count,             2
PREF_DISTANCE_3_total_pct,       25.000

PREF_DISTANCE_4_count,             3
PREF_DISTANCE_4_pct,       42.857
PREF_DISTANCE_4_total_count,             4
PREF_DISTANCE_4_total_pct,       50.000

PREF_DISTANCE_5_count,             2
PREF_DISTANCE_5_pct,       28.571
PREF_DISTANCE_5_total_count,             2
PREF_DISTANCE_5_total_pct,       25.000

PREF_DISTANCE_6_count,             0
PREF_DISTANCE_6_pct,        0.000
PREF_DISTANCE_6_total_count,             0
PREF_DISTANCE_6_total_pct,        0.000

PREF_DISTANCE_7_count,             0
PREF_DISTANCE_7_pct,        0.000
PREF_DISTANCE_7_total_count,             0
PREF_DISTANCE_7_total_pct,        0.000

PREF_DISTANCE_8_count,             0
PREF_DISTANCE_8_pct,        0.000
PREF_DISTANCE_8_total_count,             0
PREF_DISTANCE_8_total_pct,        0.000

PREF_DISTANCE_9_count,             0
PREF_DISTANCE_9_pct,        0.000
PREF_DISTANCE_9_total_count,             0
PREF_DISTANCE_9_total_pct,        0.000

PREF_DISTANCE_10_count,             0
PREF_DISTANCE_10_pct,        0.000
PREF_DISTANCE_10_total_count,             0
PREF_DISTANCE_10_total_pct,        0.000
PREF_DISTANCE_10_sum_count,             7
PREF_DISTANCE_10_sum_pct,      100.000
PREF_DISTANCE_10_sum_total_count,             8
PREF_DISTANCE_10_sum_total_pct,      100.000
PREF_DISTANCE_10_mean,         3.00
PREF_DISTANCE_10_stddev,         0.82
PREF_DISTANCE_10_total_mean,         3.00
PREF_DISTANCE_10_total_stddev,         0.76

PREF_REPL_MRU_count,             0
PREF_REPL_MRU_pct,         -nan
PREF_REPL_MRU_total_count,             0
PREF_REPL_MRU_total_pct,         -nan

PREF_REPL_MID_count,             0
PREF_REPL_MID_pct,         -nan
PREF_REPL_MID_total_count,             0
PREF_REPL_MID_total_pct,         -nan

PREF_REPL_LOWQTR_count,             0
PREF_REPL_LOWQTR_pct,         -nan
PREF_REPL_LOWQTR_total_count,             0
PREF_REPL_LOWQTR_total_pct,         -nan

PREF_REPL_LRU_count,             0
PREF_REPL_LRU_pct,         -nan
PREF_REPL_LRU_total_count,             0
PREF_REPL_LRU_total_pct,         -nan
PREF_REPL_LRU_sum_count,             0
PREF_REPL_LRU_sum_pct,         -nan
PREF_REPL_LRU_sum_total_count,             0
PREF_REPL_LRU_sum_total_pct,         -nan
PREF_REPL_LRU_mean,         -nan
PREF_REPL_LRU_stddev,         -nan
PREF_REPL_LRU_total_mean,         -nan
PREF_REPL_LRU_total_stddev,         -nan

PREF_REPL_MOVEDOWN_count,             0
PREF_REPL_MOVEDOWN_pct,         -nan
PREF_REPL_MOVEDOWN_total_count,             0
PREF_REPL_MOVEDOWN_total_pct,         -nan

PREF_REPL_MOVEUP_count,             0
PREF_REPL_MOVEUP_pct,         -nan
PREF_REPL_MOVEUP_total_count,             0
PREF_REPL_MOVEUP_total_pct,         -nan
PREF_REPL_MOVEUP_sum_count,             0
PREF_REPL_MOVEUP_sum_pct,         -nan
PREF_REPL_MOVEUP_sum_total_count,             0
PREF_REPL_MOVEUP_sum_total_pct,         -nan
PREF_REPL_MOVEUP_mean,         -nan
PREF_REPL_MOVEUP_stddev,         -nan
PREF_REPL_MOVEUP_total_mean,         -nan
PREF_REPL_MOVEUP_total_stddev,         -nan

PREF_COV_1_count,             0
PREF_COV_1_pct,         -nan
PREF_COV_1_total_count,             0
PREF_COV_1_total_pct,         -nan

PREF_COV_2_count,             0
PREF_COV_2_pct,         -nan
PREF_COV_2_total_count,             0
PREF_COV_2_total_pct,         -nan

PREF_COV_3_count,             0
PREF_COV_3_pct,         -nan
PREF_COV_3_total_count,             0
PREF_COV_3_total_pct,         -nan

PREF_COV_4_count,             0
PREF_COV_4_pct,         -nan
PREF_COV_4_total_count,             0
PREF_COV_4_total_pct,         -nan

PREF_COV_5_count,             0
PREF_COV_5_pct,         -nan
PREF_COV_5_total_count,             0
PREF_COV_5_total_pct,         -nan

PREF_COV_6_count,             0
PREF_COV_6_pct,         -nan
PREF_COV_6_total_count,             0
PREF_COV_6_total_pct,         -nan

PREF_COV_7_count,             0
PREF_COV_7_pct,         -nan
PREF_COV_7_total_count,             0
PREF_COV_7_total_pct,         -nan

PREF_COV_8_count,             0
PREF_COV_8_pct,         -nan
PREF_COV_8_total_count,             0
PREF_COV_8_total_pct,         -nan

PREF_COV_9_count,             0
PREF_COV_9_pct,         -nan
PREF_COV_9_total_count,             0
PREF_COV_9_total_pct,         -nan

PREF_COV_10_count,             0
PREF_COV_10_pct,         -nan
PREF_COV_10_total_count,             0
PREF_COV_10_total_pct,         -nan
PREF_COV_10_sum_count,             0
PREF_COV_10_sum_pct,         -nan
PREF_COV_10_sum_total_count,             0
PREF_COV_10_sum_total_pct,         -nan
PREF_COV_10_mean,         -nan
PREF_COV_10_stddev,         -nan
PREF_COV_10_total_mean,         -nan
PREF_COV_10_total_stddev,         -nan

PREF_POL_1_count,             0
PREF_POL_1_pct,        0.000
PREF_POL_1_total_count,             0
PREF_POL_1_total_pct,        0.000

PREF_POL_2_count,             0
PREF_POL_2_pct,        0.000
PREF_POL_2_total_count,             0
PREF_POL_2_total_pct,        0.000

PREF_POL_3_count,             0
PREF_POL_3_pct,        0.000
PREF_POL_3_total_count,             0
PREF_POL_3_total_pct,        0.000

PREF_POL_4_count,             0
PREF_POL_4_pct,        0.000
PREF_POL_4_total_count,             0
PREF_POL_4_total_pct,        0.000

PREF_POL_5_count,             0
PREF_POL_5_pct,        0.000
PREF_POL_5_total_count,             0
PREF_POL_5_total_pct,        0.000

PREF_POL_6_count,             0
PREF_POL_6_pct,        0.000
PREF_POL_6_total_count,             0
PREF_POL_6_total_pct,        0.000

PREF_POL_7_count,             0
PREF_POL_7_pct,        0.000
PREF_POL_7_total_count,             0
PREF_POL_7_total_pct,        0.000

PREF_POL_8_count,             0
PREF_POL_8_pct,        0.000
PREF_POL_8_total_count,             0
PREF_POL_8_total_pct,        0.000

PREF_POL_9_count,             0
PREF_POL_9_pct,        0.000
PREF_POL_9_total_count,             0
PREF_POL_9_total_pct,        0.000

PREF_POL_10_count,             7
PREF_POL_10_pct,      100.000
PREF_POL_10_total_count,             8
PREF_POL_10_total_pct,      100.000
PREF_POL_10_sum_count,             7
PREF_POL_10_sum_pct,      100.000
PREF_POL_10_sum_total_count,             8
PREF_POL_10_sum_total_pct,      100.000
PREF_POL_10_mean,         9.00
PREF_POL_10_stddev,         9.72
PREF_POL_10_total_mean,         9.00
PREF_POL_10_total_stddev,         9.62

PREF_ACC_1_count,             0
PREF_ACC_1_pct,        0.000
PREF_ACC_1_total_count,             0
PREF_ACC_1_total_pct,        0.000

PREF_ACC_2_count,             0
PREF_ACC_2_pct,        0.000
PREF_ACC_2_total_count,             0
PREF_ACC_2_total_pct,        0.000

PREF_ACC_3_count,             0
PREF_ACC_3_pct,        0.000
PREF_ACC_3_total_count,             0
PREF_ACC_3_total_pct,        0.000

PREF_ACC_4_count,             0
PREF_ACC_4_pct,        0.000
PREF_ACC_4_total_count,             0
PREF_ACC_4_total_pct,        0.000

PREF_ACC_5_count,             0
PREF_ACC_5_pct,        0.000
PREF_ACC_5_total_count,             1
PREF_ACC_5_total_pct,       12.500

PREF_ACC_6_count,             3
PREF_ACC_6_pct,       42.857
PREF_ACC_6_total_count,             3
PREF_ACC_6_total_pct,       37.500

PREF_ACC_7_count,             4
PREF_ACC_7_pct,       57.143
PREF_ACC_7_total_count,             4
PREF_ACC_7_total_pct,       50.000

PREF_ACC_8_count,             0
PREF_ACC_8_pct,        0.000
PREF_ACC_8_total_count,             0
PREF_ACC_8_total_pct,        0.000

PREF_ACC_9_count,             0
PREF_ACC_9_pct,        0.000
PREF_ACC_9_total_count,             0
PREF_ACC_9_total_pct,        0.000

PREF_ACC_10_count,             0
PREF_ACC_10_pct,        0.000
PREF_ACC_10_total_count,             0
PREF_ACC_10_total_pct,        0.000
PREF_ACC_10_sum_count,             7
PREF_ACC_10_sum_pct,      100.000
PREF_ACC_10_sum_total_count,             8
PREF_ACC_10_sum_total_pct,      100.000
PREF_ACC_10_mean,         5.57
PREF_ACC_10_stddev,         0.53
PREF_ACC_10_total_mean,         5.38
PREF_ACC_10_total_stddev,         0.74

PREF_TIMELY_1_count,             0
PREF_TIMELY_1_pct,        0.000
PREF_TIMELY_1_total_count,             0
PREF_TIMELY_1_total_pct,        0.000

PREF_TIMELY_2_count,             0
PREF_TIMELY_2_pct,        0.000
PREF_TIMELY_2_total_count,             0
PREF_TIMELY_2_total_pct,        0.000

PREF_TIMELY_3_count,             0
PREF_TIMELY_3_pct,        0.000
PREF_TIMELY_3_total_count,             0
PREF_TIMELY_3_total_pct,        0.000

PREF_TIMELY_4_count,             0
PREF_TIMELY_4_pct,        0.000
PREF_TIMELY_4_total_count,             0
PREF_TIMELY_4_total_pct,        0.000

PREF_TIMELY_5_count,             0
PREF_TIMELY_5_pct,        0.000
PREF_TIMELY_5_total_count,             0
PREF_TIMELY_5_total_pct,        0.000

PREF_TIMELY_6_count,             0
PREF_TIMELY_6_pct,        0.000
PREF_TIMELY_6_total_count,             0
PREF_TIMELY_6_total_pct,        0.000

PREF_TIMELY_7_count,             0
PREF_TIMELY_7_pct,        0.000
PREF_TIMELY_7_total_count,             0
PREF_TIMELY_7_total_pct,        0.000

PREF_TIMELY_8_count,             0
PREF_TIMELY_8_pct,        0.000
PREF_TIMELY_8_total_count,             0
PREF_TIMELY_8_total_pct,        0.000

PREF_TIMELY_9_count,             0
PREF_TIMELY_9_pct,        0.000
PREF_TIMELY_9_total_count,             0
PREF_TIMELY_9_total_pct,        0.000

PREF_TIMELY_10_count,             7
PREF_TIMELY_10_pct,      100.000
PREF_TIMELY_10_total_count,             8
PREF_TIMELY_10_total_pct,      100.000
PREF_TIMELY_10_sum_count,             7
PREF_TIMELY_10_sum_pct,      100.000
PREF_TIMELY_10_sum_total_count,             8
PREF_TIMELY_10_sum_total_pct,      100.000
PREF_TIMELY_10_mean,         9.00
PREF_TIMELY_10_stddev,         9.72
PREF_TIMELY_10_total_mean,         9.00
PREF_TIMELY_10_total_stddev,         9.62

PREF_UNUSED_EVICT_count,         20347
PREF_UNUSED_EVICT_total_count,         25380

PREF_REGION_SENT_count,             0
PREF_REGION_SENT_total_count,             0

PREF_REGION_USEFUL_count,             0
PREF_REGION_USEFUL_total_count,             0

PREF_REGION_EVICT_count,             0
PREF_REGION_EVICT_total_count,             0

PREF_PFPOL_count,             0
PREF_PFPOL_total_count,             0

PREF_PHASE_NEWPHASE_DET_count,             0
PREF_PHASE_NEWPHASE_DET_total_count,             0

PREF_PHASE_NEWPHASE_NOTVALID_count,             0
PREF_PHASE_NEWPHASE_NOTVALID_total_count,             0

PREF_PHASE_SENTPREF_count,             0
PREF_PHASE_SENTPREF_total_count,             0

PREF_PHASE_OVERWRITE_PAGE_count,             0
PREF_PHASE_OVERWRITE_PAGE_total_count,             0

PREF_UPDATE_COUNT_count,             7
PREF_UPDATE_COUNT_total_count,             8

PREF_ACC1_HT_HP_count,             0
PREF_ACC1_HT_HP_pct,        0.000
PREF_ACC1_HT_HP_total_count,             0
PREF_ACC1_HT_HP_total_pct,        0.000

PREF_ACC1_HT_LP_count,             0
PREF_ACC1_HT_LP_pct,        0.000
PREF_ACC1_HT_LP_total_count,             0
PREF_ACC1_HT_LP_total_pct,        0.000

PREF_ACC1_LT_HP_count,             0
PREF_ACC1_LT_HP_pct,        0.000
PREF_ACC1_LT_HP_total_count,             0
PREF_ACC1_LT_HP_total_pct,        0.000

PREF_ACC1_LT_LP_count,             0
PREF_ACC1_LT_LP_pct,        0.000
PREF_ACC1_LT_LP_total_count,             0
PREF_ACC1_LT_LP_total_pct,        0.000

PREF_ACC2_HT_HP_count,             0
PREF_ACC2_HT_HP_pct,        0.000
PREF_ACC2_HT_HP_total_count,             0
PREF_ACC2_HT_HP_total_pct,        0.000

PREF_ACC2_HT_LP_count,             0
PREF_ACC2_HT_LP_pct,        0.000
PREF_ACC2_HT_LP_total_count,             0
PREF_ACC2_HT_LP_total_pct,        0.000

PREF_ACC2_LT_HP_count,             0
PREF_ACC2_LT_HP_pct,        0.000
PREF_ACC2_LT_HP_total_count,             0
PREF_ACC2_LT_HP_total_pct,        0.000

PREF_ACC2_LT_LP_count,             3
PREF_ACC2_LT_LP_pct,       42.857
PREF_ACC2_LT_LP_total_count,             4
PREF_ACC2_LT_LP_total_pct,       50.000

PREF_ACC3_HT_HP_count,             0
PREF_ACC3_HT_HP_pct,        0.000
PREF_ACC3_HT_HP_total_count,             0
PREF_ACC3_HT_HP_total_pct,        0.000

PREF_ACC3_HT_LP_count,             0
PREF_ACC3_HT_LP_pct,        0.000
PREF_ACC3_HT_LP_total_count,             0
PREF_ACC3_HT_LP_total_pct,        0.000

PREF_ACC3_LT_HP_count,             0
PREF_ACC3_LT_HP_pct,        0.000
PREF_ACC3_LT_HP_total_count,             0
PREF_ACC3_LT_HP_total_pct,        0.000

PREF_ACC3_LT_LP_count,             0
PREF_ACC3_LT_LP_pct,        0.000
PREF_ACC3_LT_LP_total_count,             0
PREF_ACC3_LT_LP_total_pct,        0.000

PREF_ACC4_HT_HP_count,             0
PREF_ACC4_HT_HP_pct,        0.000
PREF_ACC4_HT_HP_total_count,             0
PREF_ACC4_HT_HP_total_pct,        0.000

PREF_ACC4_HT_LP_count,             0
PREF_ACC4_HT_LP_pct,        0.000
PREF_ACC4_HT_LP_total_count,             0
PREF_ACC4_HT_LP_total_pct,        0.000

PREF_ACC4_LT_HP_count,             0
PREF_ACC4_LT_HP_pct,        0.000
PREF_ACC4_LT_HP_total_count,             0
PREF_ACC4_LT_HP_total_pct,        0.000

PREF_ACC4_LT_LP_count,             4
PREF_ACC4_LT_LP_pct,       57.143
PREF_ACC4_LT_LP_total_count,             4
PREF_ACC4_LT_LP_total_pct,       50.000
PREF_ACC4_LT_LP_sum_count,             7
PREF_ACC4_LT_LP_sum_pct,      100.000
PREF_ACC4_LT_LP_sum_total_count,             8
PREF_ACC4_LT_LP_sum_total_pct,      100.000
PREF_ACC4_LT_LP_mean,        11.57
PREF_ACC4_LT_LP_stddev,        10.37
PREF_ACC4_LT_LP_total_mean,        11.00
PREF_ACC4_LT_LP_total_stddev,         9.35

FDIP_DECIDE_PREF_ONPATH_count,       1322131
FDIP_DECIDE_PREF_ONPATH_total_count,       2566086

FDIP_DECIDE_PREF_OFFPATH_count,         67224
FDIP_DECIDE_PREF_OFFPATH_total_count,        250506

FDIP_NEW_PREFETCHES_ONPATH_count,             0
FDIP_NEW_PREFETCHES_ONPATH_total_count,            22

FDIP_NEW_PREFETCHES_OFFPATH_count,             0
FDIP_NEW_PREFETCHES_OFFPATH_total_count,           257

FDIP_PREF_ICACHE_PROBE_HIT_ONPATH_count,       1322131
FDIP_PREF_ICACHE_PROBE_HIT_ONPATH_total_count,       2566060

FDIP_PREF_ICACHE_PROBE_HIT_OFFPATH_count,         67224
FDIP_PREF_ICACHE_PROBE_HIT_OFFPATH_total_count,        250140

FDIP_PREF_MSHR_PROBE_HIT_ONPATH_count,             0
FDIP_PREF_MSHR_PROBE_HIT_ONPATH_total_count,             4

FDIP_PREF_MSHR_PROBE_HIT_OFFPATH_count,             0
FDIP_PREF_MSHR_PROBE_HIT_OFFPATH_total_count,           109

FDIP_ATTEMPTED_PREF_ONPATH_count,       1324017
FDIP_ATTEMPTED_PREF_ONPATH_total_count,       2649437

FDIP_ATTEMPTED_PREF_OFFPATH_count,         67552
FDIP_ATTEMPTED_PREF_OFFPATH_total_count,        252316

FDIP_ALT_PATH_PREFETCHES_IC_EMITTED_count,             0
FDIP_ALT_PATH_PREFETCHES_IC_EMITTED_total_count,             0

FDIP_ALT_PATH_PREFETCHES_IC_TRIGGERED_count,             0
FDIP_ALT_PATH_PREFETCHES_IC_TRIGGERED_total_count,             0

FDIP_ALT_PATH_PREFETCHES_UOC_EMITTED_OFF_count,             0
FDIP_ALT_PATH_PREFETCHES_UOC_EMITTED_OFF_pct,         -nan
FDIP_ALT_PATH_PREFETCHES_UOC_EMITTED_OFF_total_count,             0
FDIP_ALT_PATH_PREFETCHES_UOC_EMITTED_OFF_total_pct,         -nan

FDIP_ALT_PATH_PREFETCHES_UOC_EMITTED_ON__count,             0
FDIP_ALT_PATH_PREFETCHES_UOC_EMITTED_ON__pct,         -nan
FDIP_ALT_PATH_PREFETCHES_UOC_EMITTED_ON__total_count,             0
FDIP_ALT_PATH_PREFETCHES_UOC_EMITTED_ON__total_pct,         -nan
FDIP_ALT_PATH_PREFETCHES_UOC_EMITTED_ON__sum_count,             0
FDIP_ALT_PATH_PREFETCHES_UOC_EMITTED_ON__sum_pct,         -nan
FDIP_ALT_PATH_PREFETCHES_UOC_EMITTED_ON__sum_total_count,             0
FDIP_ALT_PATH_PREFETCHES_UOC_EMITTED_ON__sum_total_pct,         -nan
FDIP_ALT_PATH_PREFETCHES_UOC_EMITTED_ON__mean,         -nan
FDIP_ALT_PATH_PREFETCHES_UOC_EMITTED_ON__stddev,         -nan
FDIP_ALT_PATH_PREFETCHES_UOC_EMITTED_ON__total_mean,         -nan
FDIP_ALT_PATH_PREFETCHES_UOC_EMITTED_ON__total_stddev,         -nan

FDIP_ALT_PATH_PREFETCHES_UOC_TRIGGERED_count,             0
FDIP_ALT_PATH_PREFETCHES_UOC_TRIGGERED_total_count,             0

FDIP_BREAK_REACH_FTQ_END_count,       3471358
FDIP_BREAK_REACH_FTQ_END_pct,       94.361
FDIP_BREAK_REACH_FTQ_END_total_count,       6860272
FDIP_BREAK_REACH_FTQ_END_total_pct,       93.373

FDIP_BREAK_FTQ_EMPTY_count,             0
FDIP_BREAK_FTQ_EMPTY_pct,        0.000
FDIP_BREAK_FTQ_EMPTY_total_count,             0
FDIP_BREAK_FTQ_EMPTY_total_pct,        0.000

FDIP_BREAK_MAX_FTQ_ENTRY_CYC_count,        207455
FDIP_BREAK_MAX_FTQ_ENTRY_CYC_pct,        5.639
FDIP_BREAK_MAX_FTQ_ENTRY_CYC_total_count,        486923
FDIP_BREAK_MAX_FTQ_ENTRY_CYC_total_pct,        6.627

FDIP_BREAK_FULL_MEM_REQ_BUF_count,             0
FDIP_BREAK_FULL_MEM_REQ_BUF_pct,        0.000
FDIP_BREAK_FULL_MEM_REQ_BUF_total_count,             0
FDIP_BREAK_FULL_MEM_REQ_BUF_total_pct,        0.000
FDIP_BREAK_FULL_MEM_REQ_BUF_sum_count,       3678813
FDIP_BREAK_FULL_MEM_REQ_BUF_sum_pct,      100.000
FDIP_BREAK_FULL_MEM_REQ_BUF_sum_total_count,       7347195
FDIP_BREAK_FULL_MEM_REQ_BUF_sum_total_pct,      100.000
FDIP_BREAK_FULL_MEM_REQ_BUF_mean,         0.11
FDIP_BREAK_FULL_MEM_REQ_BUF_stddev,         0.45
FDIP_BREAK_FULL_MEM_REQ_BUF_total_mean,         0.13
FDIP_BREAK_FULL_MEM_REQ_BUF_total_stddev,         0.48

FDIP_CYCLE_COUNT_count,             0
FDIP_CYCLE_COUNT_total_count,             0

ICACHE_USEFUL_FETCHES_count,             0
ICACHE_USEFUL_FETCHES_total_count,            26

USEFUL_CACHELINES_RETIRED_count,             0
USEFUL_CACHELINES_RETIRED_total_count,             0

ICACHE_UNUSEFUL_FETCHES_count,             0
ICACHE_UNUSEFUL_FETCHES_total_count,             0

UNIQUE_MISSED_LINES_count,             0
UNIQUE_MISSED_LINES_total_count,            26

UNIQUE_HIT_LINES_count,             0
UNIQUE_HIT_LINES_total_count,            64

UNIQUE_PREFETCHED_LINES_count,             0
UNIQUE_PREFETCHED_LINES_total_count,             0

FDIP_BTB_MISS_NT_RESTEER_ONPATH_count,             0
FDIP_BTB_MISS_NT_RESTEER_ONPATH_total_count,            74

FDIP_BTB_MISS_NT_RESTEER_OFFPATH_count,             0
FDIP_BTB_MISS_NT_RESTEER_OFFPATH_total_count,             8

FDIP_UTILITY_HASH_HIT_count,             0
FDIP_UTILITY_HASH_HIT_pct,         -nan
FDIP_UTILITY_HASH_HIT_total_count,             0
FDIP_UTILITY_HASH_HIT_total_pct,         -nan

FDIP_UTILITY_HASH_MISS_count,             0
FDIP_UTILITY_HASH_MISS_pct,         -nan
FDIP_UTILITY_HASH_MISS_total_count,             0
FDIP_UTILITY_HASH_MISS_total_pct,         -nan
FDIP_UTILITY_HASH_MISS_sum_count,             0
FDIP_UTILITY_HASH_MISS_sum_pct,         -nan
FDIP_UTILITY_HASH_MISS_sum_total_count,             0
FDIP_UTILITY_HASH_MISS_sum_total_pct,         -nan
FDIP_UTILITY_HASH_MISS_mean,         -nan
FDIP_UTILITY_HASH_MISS_stddev,         -nan
FDIP_UTILITY_HASH_MISS_total_mean,         -nan
FDIP_UTILITY_HASH_MISS_total_stddev,         -nan

FDIP_UC_HIT_count,             0
FDIP_UC_HIT_pct,         -nan
FDIP_UC_HIT_total_count,             0
FDIP_UC_HIT_total_pct,         -nan

FDIP_UC_MISS_count,             0
FDIP_UC_MISS_pct,         -nan
FDIP_UC_MISS_total_count,             0
FDIP_UC_MISS_total_pct,         -nan
FDIP_UC_MISS_sum_count,             0
FDIP_UC_MISS_sum_pct,         -nan
FDIP_UC_MISS_sum_total_count,             0
FDIP_UC_MISS_sum_total_pct,         -nan
FDIP_UC_MISS_mean,         -nan
FDIP_UC_MISS_stddev,         -nan
FDIP_UC_MISS_total_mean,         -nan
FDIP_UC_MISS_total_stddev,         -nan

FDIP_UC_USEFUL_LINES_count,             0
FDIP_UC_USEFUL_LINES_total_count,             0

FDIP_UC_REPLACEMENT_count,             0
FDIP_UC_REPLACEMENT_total_count,             0

FDIP_BLOOM_HIT_count,           886
FDIP_BLOOM_HIT_pct,       28.581
FDIP_BLOOM_HIT_total_count,         64182
FDIP_BLOOM_HIT_total_pct,       42.976

FDIP_BLOOM_MISS_count,          2214
FDIP_BLOOM_MISS_pct,       71.419
FDIP_BLOOM_MISS_total_count,         85161
FDIP_BLOOM_MISS_total_pct,       57.024
FDIP_BLOOM_MISS_sum_count,          3100
FDIP_BLOOM_MISS_sum_pct,      100.000
FDIP_BLOOM_MISS_sum_total_count,        149343
FDIP_BLOOM_MISS_sum_total_pct,      100.000
FDIP_BLOOM_MISS_mean,         0.71
FDIP_BLOOM_MISS_stddev,         0.65
FDIP_BLOOM_MISS_total_mean,         0.57
FDIP_BLOOM_MISS_total_stddev,         0.54

FDIP_BLOOM_INSERTED_count,             0
FDIP_BLOOM_INSERTED_total_count,            26

FDIP_BLOOM_CLEAR1_count,             0
FDIP_BLOOM_CLEAR1_total_count,             0

FDIP_BLOOM_CLEAR2_count,             0
FDIP_BLOOM_CLEAR2_total_count,             0

FDIP_BLOOM_CLEAR4_count,             0
FDIP_BLOOM_CLEAR4_total_count,             0

FDIP_BLOOM_1STREAM_count,             0
FDIP_BLOOM_1STREAM_total_count,             0

FDIP_BLOOM_2STREAM_count,             0
FDIP_BLOOM_2STREAM_total_count,             0

FDIP_BLOOM_3STREAM_count,             0
FDIP_BLOOM_3STREAM_total_count,             0

FDIP_BLOOM_4STREAM_count,             0
FDIP_BLOOM_4STREAM_total_count,             0

FDIP_BLOOM_5STREAM_count,             0
FDIP_BLOOM_5STREAM_total_count,             0

FDIP_BLOOM_6STREAM_count,             0
FDIP_BLOOM_6STREAM_total_count,             0

FDIP_BLOOM_7STREAM_count,             0
FDIP_BLOOM_7STREAM_total_count,             0

FDIP_BLOOM_8STREAM_count,             0
FDIP_BLOOM_8STREAM_total_count,             0

FDIP_BLOOM_1INSERT_count,             0
FDIP_BLOOM_1INSERT_total_count,            20

FDIP_BLOOM_2INSERT_count,             0
FDIP_BLOOM_2INSERT_total_count,             1

FDIP_BLOOM_4INSERT_count,             0
FDIP_BLOOM_4INSERT_total_count,             1

FDIP_BLOOM_NOSTREAM_count,             0
FDIP_BLOOM_NOSTREAM_total_count,             0

FDIP_AVG_FTQ_OCCUPANCY_OPS_count,           190
FDIP_AVG_FTQ_OCCUPANCY_OPS_total_count,           190

FDIP_AVG_FTQ_OCCUPANCY_count,            30
FDIP_AVG_FTQ_OCCUPANCY_total_count,            30

FDIP_FTQ_OCCUPANCY_OPS_ACCUMULATED_count,     703581330
FDIP_FTQ_OCCUPANCY_OPS_ACCUMULATED_total_count,    1397080804

FDIP_FTQ_OCCUPANCY_BLOCKS_ACCUMULATED_count,     114301875
FDIP_FTQ_OCCUPANCY_BLOCKS_ACCUMULATED_total_count,     225529186

FDIP_TRAINING_SAMPLE_count,             0
FDIP_TRAINING_SAMPLE_total_count,             0

FDIP_SENIORITY_FTQ_ACCUMULATED_count,      28492774
FDIP_SENIORITY_FTQ_ACCUMULATED_total_count,     946466677

FDIP_SENIORITY_FTQ_HIT_count,             0
FDIP_SENIORITY_FTQ_HIT_total_count,            26

FDIP_SENIORITY_FTQ_MISS_count,             0
FDIP_SENIORITY_FTQ_MISS_total_count,            38

FDIP_OFF_CONF_ON_PREF_CANDIDATES_count,         67118
FDIP_OFF_CONF_ON_PREF_CANDIDATES_pct,        4.823
FDIP_OFF_CONF_ON_PREF_CANDIDATES_total_count,        249866
FDIP_OFF_CONF_ON_PREF_CANDIDATES_total_pct,        8.611

FDIP_OFF_CONF_OFF_PREF_CANDIDATES_count,           434
FDIP_OFF_CONF_OFF_PREF_CANDIDATES_pct,        0.031
FDIP_OFF_CONF_OFF_PREF_CANDIDATES_total_count,          2450
FDIP_OFF_CONF_OFF_PREF_CANDIDATES_total_pct,        0.084

FDIP_ON_CONF_ON_PREF_CANDIDATES_count,       1321351
FDIP_ON_CONF_ON_PREF_CANDIDATES_pct,       94.954
FDIP_ON_CONF_ON_PREF_CANDIDATES_total_count,       2502544
FDIP_ON_CONF_ON_PREF_CANDIDATES_total_pct,       86.242

FDIP_ON_CONF_OFF_PREF_CANDIDATES_count,          2666
FDIP_ON_CONF_OFF_PREF_CANDIDATES_pct,        0.192
FDIP_ON_CONF_OFF_PREF_CANDIDATES_total_count,        146893
FDIP_ON_CONF_OFF_PREF_CANDIDATES_total_pct,        5.062
FDIP_ON_CONF_OFF_PREF_CANDIDATES_sum_count,       1391569
FDIP_ON_CONF_OFF_PREF_CANDIDATES_sum_pct,      100.000
FDIP_ON_CONF_OFF_PREF_CANDIDATES_sum_total_count,       2901753
FDIP_ON_CONF_OFF_PREF_CANDIDATES_sum_total_pct,      100.000
FDIP_ON_CONF_OFF_PREF_CANDIDATES_mean,         1.91
FDIP_ON_CONF_OFF_PREF_CANDIDATES_stddev,         0.13
FDIP_ON_CONF_OFF_PREF_CANDIDATES_total_mean,         1.88
FDIP_ON_CONF_OFF_PREF_CANDIDATES_total_stddev,         0.51

FDIP_ON_CONF_ON_EMITTED_count,             0
FDIP_ON_CONF_ON_EMITTED_pct,         -nan
FDIP_ON_CONF_ON_EMITTED_total_count,            26
FDIP_ON_CONF_ON_EMITTED_total_pct,        6.633

FDIP_ON_CONF_OFF_EMITTED_count,             0
FDIP_ON_CONF_OFF_EMITTED_pct,         -nan
FDIP_ON_CONF_OFF_EMITTED_total_count,             0
FDIP_ON_CONF_OFF_EMITTED_total_pct,        0.000

FDIP_OFF_CONF_ON_EMITTED_count,             0
FDIP_OFF_CONF_ON_EMITTED_pct,         -nan
FDIP_OFF_CONF_ON_EMITTED_total_count,           366
FDIP_OFF_CONF_ON_EMITTED_total_pct,       93.367

FDIP_OFF_CONF_OFF_EMITTED_count,             0
FDIP_OFF_CONF_OFF_EMITTED_pct,         -nan
FDIP_OFF_CONF_OFF_EMITTED_total_count,             0
FDIP_OFF_CONF_OFF_EMITTED_total_pct,        0.000
FDIP_OFF_CONF_OFF_EMITTED_sum_count,             0
FDIP_OFF_CONF_OFF_EMITTED_sum_pct,         -nan
FDIP_OFF_CONF_OFF_EMITTED_sum_total_count,           392
FDIP_OFF_CONF_OFF_EMITTED_sum_total_pct,      100.000
FDIP_OFF_CONF_OFF_EMITTED_mean,         -nan
FDIP_OFF_CONF_OFF_EMITTED_stddev,         -nan
FDIP_OFF_CONF_OFF_EMITTED_total_mean,         1.87
FDIP_OFF_CONF_OFF_EMITTED_total_stddev,         0.13

FDIP_OFF_CONF_ON_NUM_EVENTS_count,          1664
FDIP_OFF_CONF_ON_NUM_EVENTS_total_count,          6326

FDIP_OFF_CONF_ON_BTB_MISS_count,             0
FDIP_OFF_CONF_ON_BTB_MISS_pct,        0.000
FDIP_OFF_CONF_ON_BTB_MISS_total_count,             0
FDIP_OFF_CONF_ON_BTB_MISS_total_pct,        0.000

FDIP_OFF_CONF_ON_BP_INCORRECT_count,          1664
FDIP_OFF_CONF_ON_BP_INCORRECT_pct,      100.000
FDIP_OFF_CONF_ON_BP_INCORRECT_total_count,          6326
FDIP_OFF_CONF_ON_BP_INCORRECT_total_pct,      100.000

FDIP_OFF_CONF_ON_MISFETCH_count,             0
FDIP_OFF_CONF_ON_MISFETCH_pct,        0.000
FDIP_OFF_CONF_ON_MISFETCH_total_count,             0
FDIP_OFF_CONF_ON_MISFETCH_total_pct,        0.000

FDIP_OFF_CONF_ON_NO_TARGET_count,             0
FDIP_OFF_CONF_ON_NO_TARGET_pct,        0.000
FDIP_OFF_CONF_ON_NO_TARGET_total_count,             0
FDIP_OFF_CONF_ON_NO_TARGET_total_pct,        0.000
FDIP_OFF_CONF_ON_NO_TARGET_sum_count,          1664
FDIP_OFF_CONF_ON_NO_TARGET_sum_pct,      100.000
FDIP_OFF_CONF_ON_NO_TARGET_sum_total_count,          6326
FDIP_OFF_CONF_ON_NO_TARGET_sum_total_pct,      100.000
FDIP_OFF_CONF_ON_NO_TARGET_mean,         1.00
FDIP_OFF_CONF_ON_NO_TARGET_stddev,         0.00
FDIP_OFF_CONF_ON_NO_TARGET_total_mean,         1.00
FDIP_OFF_CONF_ON_NO_TARGET_total_stddev,         0.00

FDIP_OFF_CONF_ON_BTB_MISS_PREF_CANDIDATE_count,             0
FDIP_OFF_CONF_ON_BTB_MISS_PREF_CANDIDATE_pct,        0.000
FDIP_OFF_CONF_ON_BTB_MISS_PREF_CANDIDATE_total_count,             0
FDIP_OFF_CONF_ON_BTB_MISS_PREF_CANDIDATE_total_pct,        0.000

FDIP_OFF_CONF_ON_BP_INCORRECT_PREF_CANDI_count,         67118
FDIP_OFF_CONF_ON_BP_INCORRECT_PREF_CANDI_pct,      100.000
FDIP_OFF_CONF_ON_BP_INCORRECT_PREF_CANDI_total_count,        249866
FDIP_OFF_CONF_ON_BP_INCORRECT_PREF_CANDI_total_pct,      100.000

FDIP_OFF_CONF_ON_MISFETCH_PREF_CANDIDATE_count,             0
FDIP_OFF_CONF_ON_MISFETCH_PREF_CANDIDATE_pct,        0.000
FDIP_OFF_CONF_ON_MISFETCH_PREF_CANDIDATE_total_count,             0
FDIP_OFF_CONF_ON_MISFETCH_PREF_CANDIDATE_total_pct,        0.000

FDIP_OFF_CONF_ON_NO_TARGET_PREF_CANDIDAT_count,             0
FDIP_OFF_CONF_ON_NO_TARGET_PREF_CANDIDAT_pct,        0.000
FDIP_OFF_CONF_ON_NO_TARGET_PREF_CANDIDAT_total_count,             0
FDIP_OFF_CONF_ON_NO_TARGET_PREF_CANDIDAT_total_pct,        0.000
FDIP_OFF_CONF_ON_NO_TARGET_PREF_CANDIDAT_sum_count,         67118
FDIP_OFF_CONF_ON_NO_TARGET_PREF_CANDIDAT_sum_pct,      100.000
FDIP_OFF_CONF_ON_NO_TARGET_PREF_CANDIDAT_sum_total_count,        249866
FDIP_OFF_CONF_ON_NO_TARGET_PREF_CANDIDAT_sum_total_pct,      100.000
FDIP_OFF_CONF_ON_NO_TARGET_PREF_CANDIDAT_mean,         1.00
FDIP_OFF_CONF_ON_NO_TARGET_PREF_CANDIDAT_stddev,         0.00
FDIP_OFF_CONF_ON_NO_TARGET_PREF_CANDIDAT_total_mean,         1.00
FDIP_OFF_CONF_ON_NO_TARGET_PREF_CANDIDAT_total_stddev,         0.00

FDIP_OFF_CONF_ON_BTB_MISS_EMITTED_count,             0
FDIP_OFF_CONF_ON_BTB_MISS_EMITTED_pct,         -nan
FDIP_OFF_CONF_ON_BTB_MISS_EMITTED_total_count,             0
FDIP_OFF_CONF_ON_BTB_MISS_EMITTED_total_pct,        0.000

FDIP_OFF_CONF_ON_BP_INCORRECT_EMITTED_count,             0
FDIP_OFF_CONF_ON_BP_INCORRECT_EMITTED_pct,         -nan
FDIP_OFF_CONF_ON_BP_INCORRECT_EMITTED_total_count,           366
FDIP_OFF_CONF_ON_BP_INCORRECT_EMITTED_total_pct,      100.000

FDIP_OFF_CONF_ON_MISFETCH_EMITTED_count,             0
FDIP_OFF_CONF_ON_MISFETCH_EMITTED_pct,         -nan
FDIP_OFF_CONF_ON_MISFETCH_EMITTED_total_count,             0
FDIP_OFF_CONF_ON_MISFETCH_EMITTED_total_pct,        0.000

FDIP_OFF_CONF_ON_NO_TARGET_EMITTED_count,             0
FDIP_OFF_CONF_ON_NO_TARGET_EMITTED_pct,         -nan
FDIP_OFF_CONF_ON_NO_TARGET_EMITTED_total_count,             0
FDIP_OFF_CONF_ON_NO_TARGET_EMITTED_total_pct,        0.000
FDIP_OFF_CONF_ON_NO_TARGET_EMITTED_sum_count,             0
FDIP_OFF_CONF_ON_NO_TARGET_EMITTED_sum_pct,         -nan
FDIP_OFF_CONF_ON_NO_TARGET_EMITTED_sum_total_count,           366
FDIP_OFF_CONF_ON_NO_TARGET_EMITTED_sum_total_pct,      100.000
FDIP_OFF_CONF_ON_NO_TARGET_EMITTED_mean,         -nan
FDIP_OFF_CONF_ON_NO_TARGET_EMITTED_stddev,         -nan
FDIP_OFF_CONF_ON_NO_TARGET_EMITTED_total_mean,         1.00
FDIP_OFF_CONF_ON_NO_TARGET_EMITTED_total_stddev,         0.00

FDIP_OFF_CONF_ON_BP_INCORRECT_0_CONF_count,           181
FDIP_OFF_CONF_ON_BP_INCORRECT_0_CONF_pct,       10.877
FDIP_OFF_CONF_ON_BP_INCORRECT_0_CONF_total_count,           760
FDIP_OFF_CONF_ON_BP_INCORRECT_0_CONF_total_pct,       12.014

FDIP_OFF_CONF_ON_BP_INCORRECT_1_CONF_count,           346
FDIP_OFF_CONF_ON_BP_INCORRECT_1_CONF_pct,       20.793
FDIP_OFF_CONF_ON_BP_INCORRECT_1_CONF_total_count,          1709
FDIP_OFF_CONF_ON_BP_INCORRECT_1_CONF_total_pct,       27.015

FDIP_OFF_CONF_ON_BP_INCORRECT_2_CONF_count,           185
FDIP_OFF_CONF_ON_BP_INCORRECT_2_CONF_pct,       11.118
FDIP_OFF_CONF_ON_BP_INCORRECT_2_CONF_total_count,           795
FDIP_OFF_CONF_ON_BP_INCORRECT_2_CONF_total_pct,       12.567

FDIP_OFF_CONF_ON_BP_INCORRECT_3_CONF_count,           952
FDIP_OFF_CONF_ON_BP_INCORRECT_3_CONF_pct,       57.212
FDIP_OFF_CONF_ON_BP_INCORRECT_3_CONF_total_count,          3062
FDIP_OFF_CONF_ON_BP_INCORRECT_3_CONF_total_pct,       48.403
FDIP_OFF_CONF_ON_BP_INCORRECT_3_CONF_sum_count,          1664
FDIP_OFF_CONF_ON_BP_INCORRECT_3_CONF_sum_pct,      100.000
FDIP_OFF_CONF_ON_BP_INCORRECT_3_CONF_sum_total_count,          6326
FDIP_OFF_CONF_ON_BP_INCORRECT_3_CONF_sum_total_pct,      100.000
FDIP_OFF_CONF_ON_BP_INCORRECT_3_CONF_mean,         2.15
FDIP_OFF_CONF_ON_BP_INCORRECT_3_CONF_stddev,         1.83
FDIP_OFF_CONF_ON_BP_INCORRECT_3_CONF_total_mean,         1.97
FDIP_OFF_CONF_ON_BP_INCORRECT_3_CONF_total_stddev,         1.63

FDIP_OFF_CONF_ON_BTB_MISS_CBR_0_CONF_count,             0
FDIP_OFF_CONF_ON_BTB_MISS_CBR_0_CONF_pct,         -nan
FDIP_OFF_CONF_ON_BTB_MISS_CBR_0_CONF_total_count,             0
FDIP_OFF_CONF_ON_BTB_MISS_CBR_0_CONF_total_pct,         -nan

FDIP_OFF_CONF_ON_BTB_MISS_CBR_1_CONF_count,             0
FDIP_OFF_CONF_ON_BTB_MISS_CBR_1_CONF_pct,         -nan
FDIP_OFF_CONF_ON_BTB_MISS_CBR_1_CONF_total_count,             0
FDIP_OFF_CONF_ON_BTB_MISS_CBR_1_CONF_total_pct,         -nan

FDIP_OFF_CONF_ON_BTB_MISS_CBR_2_CONF_count,             0
FDIP_OFF_CONF_ON_BTB_MISS_CBR_2_CONF_pct,         -nan
FDIP_OFF_CONF_ON_BTB_MISS_CBR_2_CONF_total_count,             0
FDIP_OFF_CONF_ON_BTB_MISS_CBR_2_CONF_total_pct,         -nan

FDIP_OFF_CONF_ON_BTB_MISS_CBR_3_CONF_count,             0
FDIP_OFF_CONF_ON_BTB_MISS_CBR_3_CONF_pct,         -nan
FDIP_OFF_CONF_ON_BTB_MISS_CBR_3_CONF_total_count,             0
FDIP_OFF_CONF_ON_BTB_MISS_CBR_3_CONF_total_pct,         -nan
FDIP_OFF_CONF_ON_BTB_MISS_CBR_3_CONF_sum_count,             0
FDIP_OFF_CONF_ON_BTB_MISS_CBR_3_CONF_sum_pct,         -nan
FDIP_OFF_CONF_ON_BTB_MISS_CBR_3_CONF_sum_total_count,             0
FDIP_OFF_CONF_ON_BTB_MISS_CBR_3_CONF_sum_total_pct,         -nan
FDIP_OFF_CONF_ON_BTB_MISS_CBR_3_CONF_mean,         -nan
FDIP_OFF_CONF_ON_BTB_MISS_CBR_3_CONF_stddev,         -nan
FDIP_OFF_CONF_ON_BTB_MISS_CBR_3_CONF_total_mean,         -nan
FDIP_OFF_CONF_ON_BTB_MISS_CBR_3_CONF_total_stddev,         -nan

FDIP_OFF_CONF_ON_BTB_MISS_NOT_CF_count,             0
FDIP_OFF_CONF_ON_BTB_MISS_NOT_CF_pct,         -nan
FDIP_OFF_CONF_ON_BTB_MISS_NOT_CF_total_count,             0
FDIP_OFF_CONF_ON_BTB_MISS_NOT_CF_total_pct,         -nan

FDIP_OFF_CONF_ON_BTB_MISS_CF_BR_count,             0
FDIP_OFF_CONF_ON_BTB_MISS_CF_BR_pct,         -nan
FDIP_OFF_CONF_ON_BTB_MISS_CF_BR_total_count,             0
FDIP_OFF_CONF_ON_BTB_MISS_CF_BR_total_pct,         -nan

FDIP_OFF_CONF_ON_BTB_MISS_CF_CBR_count,             0
FDIP_OFF_CONF_ON_BTB_MISS_CF_CBR_pct,         -nan
FDIP_OFF_CONF_ON_BTB_MISS_CF_CBR_total_count,             0
FDIP_OFF_CONF_ON_BTB_MISS_CF_CBR_total_pct,         -nan

FDIP_OFF_CONF_ON_BTB_MISS_CF_CALL_count,             0
FDIP_OFF_CONF_ON_BTB_MISS_CF_CALL_pct,         -nan
FDIP_OFF_CONF_ON_BTB_MISS_CF_CALL_total_count,             0
FDIP_OFF_CONF_ON_BTB_MISS_CF_CALL_total_pct,         -nan

FDIP_OFF_CONF_ON_BTB_MISS_CF_IBR_count,             0
FDIP_OFF_CONF_ON_BTB_MISS_CF_IBR_pct,         -nan
FDIP_OFF_CONF_ON_BTB_MISS_CF_IBR_total_count,             0
FDIP_OFF_CONF_ON_BTB_MISS_CF_IBR_total_pct,         -nan

FDIP_OFF_CONF_ON_BTB_MISS_CF_ICALL_count,             0
FDIP_OFF_CONF_ON_BTB_MISS_CF_ICALL_pct,         -nan
FDIP_OFF_CONF_ON_BTB_MISS_CF_ICALL_total_count,             0
FDIP_OFF_CONF_ON_BTB_MISS_CF_ICALL_total_pct,         -nan

FDIP_OFF_CONF_ON_BTB_MISS_CF_ICO_count,             0
FDIP_OFF_CONF_ON_BTB_MISS_CF_ICO_pct,         -nan
FDIP_OFF_CONF_ON_BTB_MISS_CF_ICO_total_count,             0
FDIP_OFF_CONF_ON_BTB_MISS_CF_ICO_total_pct,         -nan

FDIP_OFF_CONF_ON_BTB_MISS_CF_RET_count,             0
FDIP_OFF_CONF_ON_BTB_MISS_CF_RET_pct,         -nan
FDIP_OFF_CONF_ON_BTB_MISS_CF_RET_total_count,             0
FDIP_OFF_CONF_ON_BTB_MISS_CF_RET_total_pct,         -nan

FDIP_OFF_CONF_ON_BTB_MISS_CF_SYS_count,             0
FDIP_OFF_CONF_ON_BTB_MISS_CF_SYS_pct,         -nan
FDIP_OFF_CONF_ON_BTB_MISS_CF_SYS_total_count,             0
FDIP_OFF_CONF_ON_BTB_MISS_CF_SYS_total_pct,         -nan
FDIP_OFF_CONF_ON_BTB_MISS_CF_SYS_sum_count,             0
FDIP_OFF_CONF_ON_BTB_MISS_CF_SYS_sum_pct,         -nan
FDIP_OFF_CONF_ON_BTB_MISS_CF_SYS_sum_total_count,             0
FDIP_OFF_CONF_ON_BTB_MISS_CF_SYS_sum_total_pct,         -nan
FDIP_OFF_CONF_ON_BTB_MISS_CF_SYS_mean,         -nan
FDIP_OFF_CONF_ON_BTB_MISS_CF_SYS_stddev,         -nan
FDIP_OFF_CONF_ON_BTB_MISS_CF_SYS_total_mean,         -nan
FDIP_OFF_CONF_ON_BTB_MISS_CF_SYS_total_stddev,         -nan

FDIP_ON_CONF_OFF_NUM_EVENTS_count,             6
FDIP_ON_CONF_OFF_NUM_EVENTS_total_count,            33

FDIP_ON_CONF_OFF_NUM_BTB_MISS_count,          3249
FDIP_ON_CONF_OFF_NUM_BTB_MISS_total_count,         50212

FDIP_ON_CONF_OFF_NUM_OP_DIST_INC_count,             0
FDIP_ON_CONF_OFF_NUM_OP_DIST_INC_total_count,             0

FDIP_ON_CONF_OFF_NUM_CF_BR_count,          1187
FDIP_ON_CONF_OFF_NUM_CF_BR_pct,        6.869
FDIP_ON_CONF_OFF_NUM_CF_BR_total_count,         19329
FDIP_ON_CONF_OFF_NUM_CF_BR_total_pct,        5.066

FDIP_ON_CONF_OFF_NUM_CF_CBR_count,          9261
FDIP_ON_CONF_OFF_NUM_CF_CBR_pct,       53.594
FDIP_ON_CONF_OFF_NUM_CF_CBR_total_count,        287452
FDIP_ON_CONF_OFF_NUM_CF_CBR_total_pct,       75.337

FDIP_ON_CONF_OFF_NUM_CF_CALL_count,          1736
FDIP_ON_CONF_OFF_NUM_CF_CALL_pct,       10.046
FDIP_ON_CONF_OFF_NUM_CF_CALL_total_count,         38269
FDIP_ON_CONF_OFF_NUM_CF_CALL_total_pct,       10.030

FDIP_ON_CONF_OFF_NUM_CF_IBR_count,           675
FDIP_ON_CONF_OFF_NUM_CF_IBR_pct,        3.906
FDIP_ON_CONF_OFF_NUM_CF_IBR_total_count,           972
FDIP_ON_CONF_OFF_NUM_CF_IBR_total_pct,        0.255

FDIP_ON_CONF_OFF_NUM_CF_ICALL_count,             0
FDIP_ON_CONF_OFF_NUM_CF_ICALL_pct,        0.000
FDIP_ON_CONF_OFF_NUM_CF_ICALL_total_count,             0
FDIP_ON_CONF_OFF_NUM_CF_ICALL_total_pct,        0.000

FDIP_ON_CONF_OFF_NUM_CF_ICO_count,             0
FDIP_ON_CONF_OFF_NUM_CF_ICO_pct,        0.000
FDIP_ON_CONF_OFF_NUM_CF_ICO_total_count,             0
FDIP_ON_CONF_OFF_NUM_CF_ICO_total_pct,        0.000

FDIP_ON_CONF_OFF_NUM_CF_RET_count,          4421
FDIP_ON_CONF_OFF_NUM_CF_RET_pct,       25.584
FDIP_ON_CONF_OFF_NUM_CF_RET_total_count,         35533
FDIP_ON_CONF_OFF_NUM_CF_RET_total_pct,        9.313

FDIP_ON_CONF_OFF_NUM_CF_SYS_count,             0
FDIP_ON_CONF_OFF_NUM_CF_SYS_pct,        0.000
FDIP_ON_CONF_OFF_NUM_CF_SYS_total_count,             0
FDIP_ON_CONF_OFF_NUM_CF_SYS_total_pct,        0.000
FDIP_ON_CONF_OFF_NUM_CF_SYS_sum_count,         17280
FDIP_ON_CONF_OFF_NUM_CF_SYS_sum_pct,      100.000
FDIP_ON_CONF_OFF_NUM_CF_SYS_sum_total_count,        381555
FDIP_ON_CONF_OFF_NUM_CF_SYS_sum_total_pct,      100.000
FDIP_ON_CONF_OFF_NUM_CF_SYS_mean,         2.39
FDIP_ON_CONF_OFF_NUM_CF_SYS_stddev,         2.10
FDIP_ON_CONF_OFF_NUM_CF_SYS_total_mean,         1.52
FDIP_ON_CONF_OFF_NUM_CF_SYS_total_stddev,         1.45

FDIP_ON_CONF_OFF_NUM_CONF_0_BR_count,          1212
FDIP_ON_CONF_OFF_NUM_CONF_0_BR_pct,        7.014
FDIP_ON_CONF_OFF_NUM_CONF_0_BR_total_count,          2220
FDIP_ON_CONF_OFF_NUM_CONF_0_BR_total_pct,        0.582

FDIP_ON_CONF_OFF_NUM_CONF_1_BR_count,           535
FDIP_ON_CONF_OFF_NUM_CONF_1_BR_pct,        3.096
FDIP_ON_CONF_OFF_NUM_CONF_1_BR_total_count,           971
FDIP_ON_CONF_OFF_NUM_CONF_1_BR_total_pct,        0.254

FDIP_ON_CONF_OFF_NUM_CONF_2_BR_count,            42
FDIP_ON_CONF_OFF_NUM_CONF_2_BR_pct,        0.243
FDIP_ON_CONF_OFF_NUM_CONF_2_BR_total_count,           507
FDIP_ON_CONF_OFF_NUM_CONF_2_BR_total_pct,        0.133

FDIP_ON_CONF_OFF_NUM_CONF_3_BR_count,         15491
FDIP_ON_CONF_OFF_NUM_CONF_3_BR_pct,       89.647
FDIP_ON_CONF_OFF_NUM_CONF_3_BR_total_count,        377857
FDIP_ON_CONF_OFF_NUM_CONF_3_BR_total_pct,       99.031
FDIP_ON_CONF_OFF_NUM_CONF_3_BR_sum_count,         17280
FDIP_ON_CONF_OFF_NUM_CONF_3_BR_sum_pct,      100.000
FDIP_ON_CONF_OFF_NUM_CONF_3_BR_sum_total_count,        381555
FDIP_ON_CONF_OFF_NUM_CONF_3_BR_sum_total_pct,      100.000
FDIP_ON_CONF_OFF_NUM_CONF_3_BR_mean,         2.73
FDIP_ON_CONF_OFF_NUM_CONF_3_BR_stddev,         2.61
FDIP_ON_CONF_OFF_NUM_CONF_3_BR_total_mean,         2.98
FDIP_ON_CONF_OFF_NUM_CONF_3_BR_total_stddev,         2.96

FDIP_BTB_NUM_CYCLES_OFF_PATH_EVENT_count,             0
FDIP_BTB_NUM_CYCLES_OFF_PATH_EVENT_total_count,             2

FDIP_BP_CONF_0_MISPRED_count,           232
FDIP_BP_CONF_0_MISPRED_pct,        0.007
FDIP_BP_CONF_0_MISPRED_total_count,           980
FDIP_BP_CONF_0_MISPRED_total_pct,        0.015

FDIP_BP_CONF_1_MISPRED_count,           437
FDIP_BP_CONF_1_MISPRED_pct,        0.014
FDIP_BP_CONF_1_MISPRED_total_count,          2174
FDIP_BP_CONF_1_MISPRED_total_pct,        0.033

FDIP_BP_CONF_2_MISPRED_count,           230
FDIP_BP_CONF_2_MISPRED_pct,        0.007
FDIP_BP_CONF_2_MISPRED_total_count,           978
FDIP_BP_CONF_2_MISPRED_total_pct,        0.015

FDIP_BP_CONF_3_MISPRED_count,          1180
FDIP_BP_CONF_3_MISPRED_pct,        0.037
FDIP_BP_CONF_3_MISPRED_total_count,          3761
FDIP_BP_CONF_3_MISPRED_total_pct,        0.058

FDIP_BP_CONF_0_CORRECT_count,          3820
FDIP_BP_CONF_0_CORRECT_pct,        0.119
FDIP_BP_CONF_0_CORRECT_total_count,         12177
FDIP_BP_CONF_0_CORRECT_total_pct,        0.187

FDIP_BP_CONF_1_CORRECT_count,          3666
FDIP_BP_CONF_1_CORRECT_pct,        0.114
FDIP_BP_CONF_1_CORRECT_total_count,         13764
FDIP_BP_CONF_1_CORRECT_total_pct,        0.211

FDIP_BP_CONF_2_CORRECT_count,          5531
FDIP_BP_CONF_2_CORRECT_pct,        0.172
FDIP_BP_CONF_2_CORRECT_total_count,         15822
FDIP_BP_CONF_2_CORRECT_total_pct,        0.243

FDIP_BP_CONF_3_CORRECT_count,       3204382
FDIP_BP_CONF_3_CORRECT_pct,       99.531
FDIP_BP_CONF_3_CORRECT_total_count,       6467084
FDIP_BP_CONF_3_CORRECT_total_pct,       99.238
FDIP_BP_CONF_3_CORRECT_sum_count,       3219478
FDIP_BP_CONF_3_CORRECT_sum_pct,      100.000
FDIP_BP_CONF_3_CORRECT_sum_total_count,       6516740
FDIP_BP_CONF_3_CORRECT_sum_total_pct,      100.000
FDIP_BP_CONF_3_CORRECT_mean,         6.99
FDIP_BP_CONF_3_CORRECT_stddev,         6.98
FDIP_BP_CONF_3_CORRECT_total_mean,         6.98
FDIP_BP_CONF_3_CORRECT_total_stddev,         6.96

FDIP_ON_CONF_OFF_BTB_MISS_BP_TAKEN_CONF__count,             0
FDIP_ON_CONF_OFF_BTB_MISS_BP_TAKEN_CONF__pct,        0.000
FDIP_ON_CONF_OFF_BTB_MISS_BP_TAKEN_CONF__total_count,             3
FDIP_ON_CONF_OFF_BTB_MISS_BP_TAKEN_CONF__total_pct,        9.091

FDIP_ON_CONF_OFF_BTB_MISS_BP_TAKEN_CONF__count,             0
FDIP_ON_CONF_OFF_BTB_MISS_BP_TAKEN_CONF__pct,        0.000
FDIP_ON_CONF_OFF_BTB_MISS_BP_TAKEN_CONF__total_count,             3
FDIP_ON_CONF_OFF_BTB_MISS_BP_TAKEN_CONF__total_pct,        9.091

FDIP_ON_CONF_OFF_BTB_MISS_BP_TAKEN_CONF__count,             0
FDIP_ON_CONF_OFF_BTB_MISS_BP_TAKEN_CONF__pct,        0.000
FDIP_ON_CONF_OFF_BTB_MISS_BP_TAKEN_CONF__total_count,             0
FDIP_ON_CONF_OFF_BTB_MISS_BP_TAKEN_CONF__total_pct,        0.000

FDIP_ON_CONF_OFF_BTB_MISS_BP_TAKEN_CONF__count,             0
FDIP_ON_CONF_OFF_BTB_MISS_BP_TAKEN_CONF__pct,        0.000
FDIP_ON_CONF_OFF_BTB_MISS_BP_TAKEN_CONF__total_count,             8
FDIP_ON_CONF_OFF_BTB_MISS_BP_TAKEN_CONF__total_pct,       24.242

FDIP_ON_CONF_OFF_BTB_MISS_RATE_count,             0
FDIP_ON_CONF_OFF_BTB_MISS_RATE_pct,        0.000
FDIP_ON_CONF_OFF_BTB_MISS_RATE_total_count,             2
FDIP_ON_CONF_OFF_BTB_MISS_RATE_total_pct,        6.061

FDIP_ON_CONF_OFF_INV_CONF_INC_count,             6
FDIP_ON_CONF_OFF_INV_CONF_INC_pct,      100.000
FDIP_ON_CONF_OFF_INV_CONF_INC_total_count,            17
FDIP_ON_CONF_OFF_INV_CONF_INC_total_pct,       51.515
FDIP_ON_CONF_OFF_INV_CONF_INC_sum_count,             6
FDIP_ON_CONF_OFF_INV_CONF_INC_sum_pct,      100.000
FDIP_ON_CONF_OFF_INV_CONF_INC_sum_total_count,            33
FDIP_ON_CONF_OFF_INV_CONF_INC_sum_total_pct,      100.000
FDIP_ON_CONF_OFF_INV_CONF_INC_mean,         5.00
FDIP_ON_CONF_OFF_INV_CONF_INC_stddev,         5.48
FDIP_ON_CONF_OFF_INV_CONF_INC_total_mean,         3.64
FDIP_ON_CONF_OFF_INV_CONF_INC_total_stddev,         2.96

FDIP_ON_CONF_OFF_BTB_MISS_BP_TAKEN_CONF__count,             0
FDIP_ON_CONF_OFF_BTB_MISS_BP_TAKEN_CONF__pct,        0.000
FDIP_ON_CONF_OFF_BTB_MISS_BP_TAKEN_CONF__total_count,            13
FDIP_ON_CONF_OFF_BTB_MISS_BP_TAKEN_CONF__total_pct,        0.009

FDIP_ON_CONF_OFF_BTB_MISS_BP_TAKEN_CONF__count,             0
FDIP_ON_CONF_OFF_BTB_MISS_BP_TAKEN_CONF__pct,        0.000
FDIP_ON_CONF_OFF_BTB_MISS_BP_TAKEN_CONF__total_count,            48
FDIP_ON_CONF_OFF_BTB_MISS_BP_TAKEN_CONF__total_pct,        0.033

FDIP_ON_CONF_OFF_BTB_MISS_BP_TAKEN_CONF__count,             0
FDIP_ON_CONF_OFF_BTB_MISS_BP_TAKEN_CONF__pct,        0.000
FDIP_ON_CONF_OFF_BTB_MISS_BP_TAKEN_CONF__total_count,             0
FDIP_ON_CONF_OFF_BTB_MISS_BP_TAKEN_CONF__total_pct,        0.000

FDIP_ON_CONF_OFF_BTB_MISS_BP_TAKEN_CONF__count,             0
FDIP_ON_CONF_OFF_BTB_MISS_BP_TAKEN_CONF__pct,        0.000
FDIP_ON_CONF_OFF_BTB_MISS_BP_TAKEN_CONF__total_count,            27
FDIP_ON_CONF_OFF_BTB_MISS_BP_TAKEN_CONF__total_pct,        0.018

FDIP_ON_CONF_OFF_BTB_MISS_RATE_PREF_CAND_count,             0
FDIP_ON_CONF_OFF_BTB_MISS_RATE_PREF_CAND_pct,        0.000
FDIP_ON_CONF_OFF_BTB_MISS_RATE_PREF_CAND_total_count,         31013
FDIP_ON_CONF_OFF_BTB_MISS_RATE_PREF_CAND_total_pct,       21.113

FDIP_ON_CONF_OFF_INV_CONF_INC_PREF_CANDI_count,          2666
FDIP_ON_CONF_OFF_INV_CONF_INC_PREF_CANDI_pct,      100.000
FDIP_ON_CONF_OFF_INV_CONF_INC_PREF_CANDI_total_count,        115792
FDIP_ON_CONF_OFF_INV_CONF_INC_PREF_CANDI_total_pct,       78.827
FDIP_ON_CONF_OFF_INV_CONF_INC_PREF_CANDI_sum_count,          2666
FDIP_ON_CONF_OFF_INV_CONF_INC_PREF_CANDI_sum_pct,      100.000
FDIP_ON_CONF_OFF_INV_CONF_INC_PREF_CANDI_sum_total_count,        146893
FDIP_ON_CONF_OFF_INV_CONF_INC_PREF_CANDI_sum_total_pct,      100.000
FDIP_ON_CONF_OFF_INV_CONF_INC_PREF_CANDI_mean,         5.00
FDIP_ON_CONF_OFF_INV_CONF_INC_PREF_CANDI_stddev,         5.00
FDIP_ON_CONF_OFF_INV_CONF_INC_PREF_CANDI_total_mean,         4.79
FDIP_ON_CONF_OFF_INV_CONF_INC_PREF_CANDI_total_stddev,         4.27

FDIP_ON_CONF_OFF_BTB_MISS_BP_TAKEN_CONF__count,             0
FDIP_ON_CONF_OFF_BTB_MISS_BP_TAKEN_CONF__pct,         -nan
FDIP_ON_CONF_OFF_BTB_MISS_BP_TAKEN_CONF__total_count,             0
FDIP_ON_CONF_OFF_BTB_MISS_BP_TAKEN_CONF__total_pct,         -nan

FDIP_ON_CONF_OFF_BTB_MISS_BP_TAKEN_CONF__count,             0
FDIP_ON_CONF_OFF_BTB_MISS_BP_TAKEN_CONF__pct,         -nan
FDIP_ON_CONF_OFF_BTB_MISS_BP_TAKEN_CONF__total_count,             0
FDIP_ON_CONF_OFF_BTB_MISS_BP_TAKEN_CONF__total_pct,         -nan

FDIP_ON_CONF_OFF_BTB_MISS_BP_TAKEN_CONF__count,             0
FDIP_ON_CONF_OFF_BTB_MISS_BP_TAKEN_CONF__pct,         -nan
FDIP_ON_CONF_OFF_BTB_MISS_BP_TAKEN_CONF__total_count,             0
FDIP_ON_CONF_OFF_BTB_MISS_BP_TAKEN_CONF__total_pct,         -nan

FDIP_ON_CONF_OFF_BTB_MISS_BP_TAKEN_CONF__count,             0
FDIP_ON_CONF_OFF_BTB_MISS_BP_TAKEN_CONF__pct,         -nan
FDIP_ON_CONF_OFF_BTB_MISS_BP_TAKEN_CONF__total_count,             0
FDIP_ON_CONF_OFF_BTB_MISS_BP_TAKEN_CONF__total_pct,         -nan

FDIP_ON_CONF_OFF_BTB_MISS_RATE_EMITTED_count,             0
FDIP_ON_CONF_OFF_BTB_MISS_RATE_EMITTED_pct,         -nan
FDIP_ON_CONF_OFF_BTB_MISS_RATE_EMITTED_total_count,             0
FDIP_ON_CONF_OFF_BTB_MISS_RATE_EMITTED_total_pct,         -nan

FDIP_ON_CONF_OFF_INV_CONF_INC_EMITTED_count,             0
FDIP_ON_CONF_OFF_INV_CONF_INC_EMITTED_pct,         -nan
FDIP_ON_CONF_OFF_INV_CONF_INC_EMITTED_total_count,             0
FDIP_ON_CONF_OFF_INV_CONF_INC_EMITTED_total_pct,         -nan
FDIP_ON_CONF_OFF_INV_CONF_INC_EMITTED_sum_count,             0
FDIP_ON_CONF_OFF_INV_CONF_INC_EMITTED_sum_pct,         -nan
FDIP_ON_CONF_OFF_INV_CONF_INC_EMITTED_sum_total_count,             0
FDIP_ON_CONF_OFF_INV_CONF_INC_EMITTED_sum_total_pct,         -nan
FDIP_ON_CONF_OFF_INV_CONF_INC_EMITTED_mean,         -nan
FDIP_ON_CONF_OFF_INV_CONF_INC_EMITTED_stddev,         -nan
FDIP_ON_CONF_OFF_INV_CONF_INC_EMITTED_total_mean,         -nan
FDIP_ON_CONF_OFF_INV_CONF_INC_EMITTED_total_stddev,         -nan

ICACHE_FIRST_MISS_AFTER_WARMUP_SEEN_DURI_count,             0
ICACHE_FIRST_MISS_AFTER_WARMUP_SEEN_DURI_pct,         -nan
ICACHE_FIRST_MISS_AFTER_WARMUP_SEEN_DURI_total_count,             0
ICACHE_FIRST_MISS_AFTER_WARMUP_SEEN_DURI_total_pct,         -nan

ICACHE_FIRST_MISS_AFTER_WARMUP_NOT_SEEN__count,             0
ICACHE_FIRST_MISS_AFTER_WARMUP_NOT_SEEN__pct,         -nan
ICACHE_FIRST_MISS_AFTER_WARMUP_NOT_SEEN__total_count,             0
ICACHE_FIRST_MISS_AFTER_WARMUP_NOT_SEEN__total_pct,         -nan
ICACHE_FIRST_MISS_AFTER_WARMUP_NOT_SEEN__sum_count,             0
ICACHE_FIRST_MISS_AFTER_WARMUP_NOT_SEEN__sum_pct,         -nan
ICACHE_FIRST_MISS_AFTER_WARMUP_NOT_SEEN__sum_total_count,             0
ICACHE_FIRST_MISS_AFTER_WARMUP_NOT_SEEN__sum_total_pct,         -nan
ICACHE_FIRST_MISS_AFTER_WARMUP_NOT_SEEN__mean,         -nan
ICACHE_FIRST_MISS_AFTER_WARMUP_NOT_SEEN__stddev,         -nan
ICACHE_FIRST_MISS_AFTER_WARMUP_NOT_SEEN__total_mean,         -nan
ICACHE_FIRST_MISS_AFTER_WARMUP_NOT_SEEN__total_stddev,         -nan

ICACHE_FIRST_MISS_AFTER_WARMUP_NO_PREF_D_count,             0
ICACHE_FIRST_MISS_AFTER_WARMUP_NO_PREF_D_pct,         -nan
ICACHE_FIRST_MISS_AFTER_WARMUP_NO_PREF_D_total_count,             0
ICACHE_FIRST_MISS_AFTER_WARMUP_NO_PREF_D_total_pct,         -nan

ICACHE_FIRST_MISS_AFTER_WARMUP_TRAINED_U_count,             0
ICACHE_FIRST_MISS_AFTER_WARMUP_TRAINED_U_pct,         -nan
ICACHE_FIRST_MISS_AFTER_WARMUP_TRAINED_U_total_count,             0
ICACHE_FIRST_MISS_AFTER_WARMUP_TRAINED_U_total_pct,         -nan

ICACHE_FIRST_MISS_AFTER_WARMUP_TRAINED_U_count,             0
ICACHE_FIRST_MISS_AFTER_WARMUP_TRAINED_U_pct,         -nan
ICACHE_FIRST_MISS_AFTER_WARMUP_TRAINED_U_total_count,             0
ICACHE_FIRST_MISS_AFTER_WARMUP_TRAINED_U_total_pct,         -nan
ICACHE_FIRST_MISS_AFTER_WARMUP_TRAINED_U_sum_count,             0
ICACHE_FIRST_MISS_AFTER_WARMUP_TRAINED_U_sum_pct,         -nan
ICACHE_FIRST_MISS_AFTER_WARMUP_TRAINED_U_sum_total_count,             0
ICACHE_FIRST_MISS_AFTER_WARMUP_TRAINED_U_sum_total_pct,         -nan
ICACHE_FIRST_MISS_AFTER_WARMUP_TRAINED_U_mean,         -nan
ICACHE_FIRST_MISS_AFTER_WARMUP_TRAINED_U_stddev,         -nan
ICACHE_FIRST_MISS_AFTER_WARMUP_TRAINED_U_total_mean,         -nan
ICACHE_FIRST_MISS_AFTER_WARMUP_TRAINED_U_total_stddev,         -nan

FDIP_PREFETCH_EVICT_NO_HIT_ONLY_ONCE_count,             0
FDIP_PREFETCH_EVICT_NO_HIT_ONLY_ONCE_total_count,             0

FDIP_PREFETCH_HIT_ICACHE_count,       1389355
FDIP_PREFETCH_HIT_ICACHE_pct,      100.000
FDIP_PREFETCH_HIT_ICACHE_total_count,       2816200
FDIP_PREFETCH_HIT_ICACHE_total_pct,       99.986

FDIP_PREFETCH_HIT_MLC_count,             0
FDIP_PREFETCH_HIT_MLC_pct,        0.000
FDIP_PREFETCH_HIT_MLC_total_count,             0
FDIP_PREFETCH_HIT_MLC_total_pct,        0.000

FDIP_PREFETCH_HIT_L1_count,             0
FDIP_PREFETCH_HIT_L1_pct,        0.000
FDIP_PREFETCH_HIT_L1_total_count,             0
FDIP_PREFETCH_HIT_L1_total_pct,        0.000

FDIP_PREFETCH_HIT_DRAM_count,             0
FDIP_PREFETCH_HIT_DRAM_pct,        0.000
FDIP_PREFETCH_HIT_DRAM_total_count,           392
FDIP_PREFETCH_HIT_DRAM_total_pct,        0.014
FDIP_PREFETCH_HIT_DRAM_sum_count,       1389355
FDIP_PREFETCH_HIT_DRAM_sum_pct,      100.000
FDIP_PREFETCH_HIT_DRAM_sum_total_count,       2816592
FDIP_PREFETCH_HIT_DRAM_sum_total_pct,      100.000
FDIP_PREFETCH_HIT_DRAM_mean,         0.00
FDIP_PREFETCH_HIT_DRAM_stddev,         0.00
FDIP_PREFETCH_HIT_DRAM_total_mean,         0.00
FDIP_PREFETCH_HIT_DRAM_total_stddev,         0.04

FDIP_MEM_BUF_MISS_count,             0
FDIP_MEM_BUF_MISS_pct,         -nan
FDIP_MEM_BUF_MISS_total_count,             0
FDIP_MEM_BUF_MISS_total_pct,         -nan

FDIP_MEM_BUF_FOUND_count,             0
FDIP_MEM_BUF_FOUND_pct,         -nan
FDIP_MEM_BUF_FOUND_total_count,             0
FDIP_MEM_BUF_FOUND_total_pct,         -nan
FDIP_MEM_BUF_FOUND_sum_count,             0
FDIP_MEM_BUF_FOUND_sum_pct,         -nan
FDIP_MEM_BUF_FOUND_sum_total_count,             0
FDIP_MEM_BUF_FOUND_sum_total_pct,         -nan
FDIP_MEM_BUF_FOUND_mean,         -nan
FDIP_MEM_BUF_FOUND_stddev,         -nan
FDIP_MEM_BUF_FOUND_total_mean,         -nan
FDIP_MEM_BUF_FOUND_total_stddev,         -nan

DJOLT_PREFETCH_ENTRY_count,             0
DJOLT_PREFETCH_ENTRY_total_count,             0

DJOLT_PREFETCH_INITIAL_count,             0
DJOLT_PREFETCH_INITIAL_total_count,             0

DJOLT_PREFETCH_SIG_count,             0
DJOLT_PREFETCH_SIG_total_count,             0

FNLMMA_PREFETCH_TYPE0_count,             0
FNLMMA_PREFETCH_TYPE0_pct,         -nan
FNLMMA_PREFETCH_TYPE0_total_count,             0
FNLMMA_PREFETCH_TYPE0_total_pct,         -nan

FNLMMA_PREFETCH_TYPE1_count,             0
FNLMMA_PREFETCH_TYPE1_pct,         -nan
FNLMMA_PREFETCH_TYPE1_total_count,             0
FNLMMA_PREFETCH_TYPE1_total_pct,         -nan

FNLMMA_PREFETCH_TYPE2_count,             0
FNLMMA_PREFETCH_TYPE2_pct,         -nan
FNLMMA_PREFETCH_TYPE2_total_count,             0
FNLMMA_PREFETCH_TYPE2_total_pct,         -nan

FNLMMA_PREFETCH_TYPE3_count,             0
FNLMMA_PREFETCH_TYPE3_pct,         -nan
FNLMMA_PREFETCH_TYPE3_total_count,             0
FNLMMA_PREFETCH_TYPE3_total_pct,         -nan

FNLMMA_PREFETCH_TYPE4_count,             0
FNLMMA_PREFETCH_TYPE4_pct,         -nan
FNLMMA_PREFETCH_TYPE4_total_count,             0
FNLMMA_PREFETCH_TYPE4_total_pct,         -nan
FNLMMA_PREFETCH_TYPE4_sum_count,             0
FNLMMA_PREFETCH_TYPE4_sum_pct,         -nan
FNLMMA_PREFETCH_TYPE4_sum_total_count,             0
FNLMMA_PREFETCH_TYPE4_sum_total_pct,         -nan
FNLMMA_PREFETCH_TYPE4_mean,         -nan
FNLMMA_PREFETCH_TYPE4_stddev,         -nan
FNLMMA_PREFETCH_TYPE4_total_mean,         -nan
FNLMMA_PREFETCH_TYPE4_total_stddev,         -nan



